bash-3.2$ quit()
> s
bash: syntax error near unexpected token `s'
bash-3.2$ q!
bash: q!: command not found
bash-3.2$ bash-3.2$ python alien_invasion.py 
500.0
500.0
500.0
500.0
500.0
500.0
500.0
500.0
500.0
500.0
500.0
500.0
500.0
500.0
500.0
500.0
500.0
500.0
500.0
500.0
500.0
500.0
500.0
500.0
500.0
500.0
500.0
500.0
500.0
500.0
502.5
505.0
507.5
510.0
512.5
515.0
517.5
520.0
522.5
525.0
527.5
530.0
532.5
535.0
537.5
540.0
542.5
545.0
547.5
550.0
552.5
555.0
557.5
560.0
562.5
565.0
567.5
570.0
572.5
575.0
577.5
580.0
577.5
575.0
572.5
570.0
567.5
565.0
562.5
560.0
557.5
555.0
552.5
550.0
547.5
545.0
542.5
540.0
537.5
535.0
532.5
530.0
527.5
525.0
522.5
520.0
517.5
515.0
512.5
510.0
510.0
510.0
510.0
510.0
510.0
510.0
510.0
510.0
510.0
510.0
510.0
510.0
510.0
510.0
510.0
510.0
510.0
510.0
510.0
510.0
510.0
510.0
510.0
510.0
510.0
510.0
510.0
510.0
510.0
510.0
bash-3.2$ python alien_invasion.py 
500.0
500.0
500.0
500.0
500.0
500.0
500.0
500.0
500.0
500.0
500.0
500.0
500.0
500.0
500.0
500.0
500.0
500.0
500.0
500.0
500.0
500.0
500.0
500.0
500.0
500.0
500.0
500.0
500.0
500.0
500.0
500.0
500.0
500.0
497.5
495.0
492.5
490.0
487.5
485.0
482.5
480.0
477.5
475.0
472.5
470.0
467.5
465.0
462.5
460.0
457.5
455.0
452.5
450.0
447.5
445.0
442.5
440.0
437.5
435.0
432.5
430.0
427.5
425.0
422.5
420.0
417.5
415.0
412.5
410.0
407.5
407.5
410.0
412.5
415.0
417.5
420.0
422.5
425.0
427.5
430.0
432.5
435.0
437.5
440.0
442.5
445.0
447.5
450.0
452.5
455.0
457.5
460.0
462.5
465.0
467.5
470.0
472.5
475.0
477.5
480.0
482.5
485.0
487.5
490.0
492.5
495.0
497.5
500.0
502.5
505.0
507.5
510.0
512.5
515.0
517.5
520.0
522.5
525.0
527.5
530.0
532.5
535.0
537.5
540.0
542.5
545.0
547.5
550.0
552.5
555.0
557.5
560.0
562.5
565.0
567.5
570.0
572.5
575.0
577.5
580.0
582.5
585.0
587.5
590.0
592.5
595.0
597.5
600.0
602.5
605.0
607.5
610.0
612.5
615.0
617.5
620.0
622.5
625.0
627.5
630.0
632.5
635.0
637.5
640.0
642.5
645.0
647.5
650.0
652.5
655.0
657.5
660.0
662.5
665.0
667.5
670.0
672.5
675.0
677.5
680.0
682.5
685.0
687.5
690.0
692.5
695.0
697.5
700.0
702.5
705.0
707.5
710.0
712.5
715.0
717.5
720.0
722.5
725.0
727.5
730.0
732.5
735.0
737.5
740.0
742.5
745.0
747.5
750.0
752.5
755.0
757.5
760.0
762.5
765.0
767.5
770.0
772.5
775.0
777.5
780.0
782.5
785.0
787.5
790.0
792.5
795.0
797.5
800.0
802.5
805.0
807.5
810.0
812.5
815.0
817.5
820.0
822.5
825.0
827.5
830.0
832.5
835.0
837.5
840.0
842.5
845.0
847.5
850.0
852.5
855.0
857.5
860.0
862.5
865.0
867.5
870.0
872.5
875.0
877.5
880.0
882.5
885.0
887.5
890.0
892.5
895.0
897.5
900.0
902.5
905.0
907.5
910.0
912.5
915.0
917.5
920.0
922.5
925.0
927.5
930.0
932.5
935.0
937.5
940.0
942.5
945.0
947.5
950.0
952.5
955.0
957.5
960.0
962.5
965.0
967.5
970.0
972.5
975.0
977.5
980.0
982.5
985.0
987.5
990.0
990.0
990.0
990.0
990.0
990.0
990.0
990.0
990.0
990.0
990.0
990.0
990.0
990.0
990.0
990.0
990.0
990.0
990.0
990.0
990.0
990.0
990.0
990.0
990.0
990.0
990.0
990.0
990.0
990.0
990.0
990.0
990.0
990.0
990.0
990.0
990.0
990.0
990.0
990.0
990.0
bash-3.2$ python alien_invasion.py 
500.0
500.0
500.0
500.0
500.0
500.0
500.0
500.0
500.0
500.0
500.0
500.0
500.0
500.0
500.0
500.0
500.0
500.0
500.0
500.0
500.0
500.0
500.0
500.0
500.0
500.0
500.0
500.0
500.0
502.5
505.0
507.5
510.0
512.5
515.0
517.5
520.0
522.5
525.0
527.5
530.0
532.5
535.0
537.5
540.0
542.5
545.0
547.5
550.0
552.5
555.0
557.5
560.0
562.5
565.0
567.5
570.0
572.5
575.0
577.5
580.0
582.5
585.0
587.5
590.0
592.5
595.0
597.5
600.0
602.5
605.0
607.5
610.0
612.5
615.0
617.5
620.0
622.5
625.0
627.5
630.0
632.5
635.0
637.5
640.0
642.5
645.0
647.5
650.0
652.5
655.0
657.5
660.0
662.5
665.0
667.5
670.0
672.5
670.0
667.5
665.0
662.5
660.0
657.5
655.0
652.5
650.0
647.5
645.0
642.5
640.0
637.5
635.0
632.5
630.0
627.5
625.0
622.5
622.5
622.5
622.5
622.5
622.5
622.5
622.5
622.5
622.5
622.5
622.5
622.5
622.5
622.5
622.5
622.5
622.5
622.5
622.5
622.5
622.5
622.5
622.5
622.5
622.5
622.5
622.5
622.5
622.5
bash-3.2$ python alien_invasion.py 
500.0
500.0
500.0
500.0
500.0
500.0
500.0
500.0
500.0
500.0
500.0
500.0
500.0
500.0
500.0
500.0
500.0
500.0
500.0
500.0
500.0
500.0
500.0
500.0
500.0
500.0
500.0
500.0
500.0
500.0
500.0
500.0
500.0
500.0
500.0
500.0
500.0
500.0
500.0
500.0
500.0
500.0
500.0
500.0
500.0
500.0
500.0
500.0
500.0
500.0
500.0
500.0
500.0
500.0
500.0
500.0
500.0
500.0
500.0
500.0
500.0
500.0
500.0
500.0
500.0
500.0
500.0
500.0
500.0
500.0
500.0
500.0
500.0
500.0
500.0
500.0
500.0
500.0
500.0
500.0
500.0
500.0
500.0
500.0
500.0
500.0
500.0
500.0
500.0
500.0
500.0
500.0
500.0
500.0
500.0
500.0
500.0
500.0
500.0
500.0
500.0
500.0
500.0
500.0
500.0
500.0
500.0
500.0
500.0
500.0
500.0
500.0
500.0
500.0
500.0
500.0
500.0
500.0
500.0
500.0
500.0
500.0
500.0
500.0
500.0
500.0
500.0
500.0
500.0
500.0
500.0
500.0
500.0
500.0
500.0
500.0
500.0
500.0
500.0
500.0
500.0
500.0
500.0
500.0
500.0
500.0
500.0
500.0
500.0
500.0
500.0
500.0
500.0
500.0
500.0
500.0
500.0
500.0
500.0
500.0
500.0
500.0
500.0
500.0
500.0
500.0
500.0
500.0
500.0
500.0
500.0
500.0
500.0
500.0
500.0
500.0
500.0
500.0
500.0
500.0
500.0
500.0
500.0
500.0
500.0
500.0
500.0
500.0
500.0
500.0
500.0
500.0
500.0
500.0
500.0
500.0
500.0
500.0
500.0
500.0
500.0
500.0
500.0
500.0
500.0
500.0
500.0
500.0
500.0
500.0
500.0
500.0
500.0
500.0
500.0
500.0
500.0
500.0
500.0
500.0
500.0
500.0
500.0
500.0
500.0
500.0
500.0
500.0
500.0
500.0
500.0
500.0
500.0
500.0
500.0
500.0
500.0
500.0
500.0
500.0
500.0
500.0
500.0
500.0
500.0
500.0
500.0
500.0
500.0
500.0
500.0
500.0
500.0
500.0
500.0
500.0
500.0
500.0
500.0
500.0
500.0
500.0
500.0
500.0
500.0
500.0
500.0
500.0
500.0
500.0
500.0
500.0
500.0
500.0
500.0
500.0
500.0
500.0
500.0
500.0
500.0
500.0
500.0
500.0
500.0
500.0
500.0
500.0
500.0
500.0
500.0
500.0
500.0
500.0
500.0
500.0
500.0
500.0
500.0
500.0
500.0
500.0
500.0
500.0
500.0
500.0
500.0
500.0
500.0
500.0
500.0
500.0
500.0
500.0
500.0
500.0
500.0
500.0
500.0
500.0
500.0
500.0
500.0
500.0
500.0
500.0
500.0
500.0
500.0
500.0
500.0
500.0
500.0
500.0
500.0
500.0
500.0
500.0
500.0
500.0
500.0
500.0
500.0
500.0
500.0
500.0
500.0
500.0
500.0
500.0
500.0
500.0
500.0
500.0
500.0
500.0
500.0
500.0
500.0
500.0
500.0
500.0
500.0
500.0
500.0
500.0
500.0
500.0
500.0
500.0
500.0
500.0
500.0
500.0
500.0
500.0
500.0
500.0
500.0
500.0
500.0
500.0
500.0
500.0
500.0
500.0
500.0
500.0
500.0
500.0
500.0
500.0
500.0
500.0
500.0
500.0
500.0
500.0
500.0
500.0
500.0
500.0
500.0
500.0
500.0
500.0
500.0
500.0
500.0
500.0
500.0
500.0
500.0
500.0
500.0
500.0
500.0
500.0
500.0
500.0
500.0
500.0
500.0
500.0
500.0
500.0
500.0
500.0
500.0
500.0
500.0
500.0
500.0
500.0
500.0
500.0
500.0
500.0
500.0
500.0
500.0
500.0
500.0
500.0
500.0
500.0
500.0
500.0
500.0
500.0
500.0
500.0
500.0
500.0
500.0
500.0
500.0
500.0
500.0
500.0
500.0
500.0
500.0
500.0
500.0
500.0
500.0
500.0
500.0
500.0
500.0
500.0
500.0
500.0
500.0
500.0
500.0
500.0
500.0
500.0
500.0
500.0
500.0
500.0
500.0
500.0
500.0
500.0
500.0
500.0
500.0
500.0
500.0
500.0
500.0
500.0
500.0
500.0
500.0
500.0
500.0
500.0
500.0
500.0
500.0
500.0
500.0
500.0
500.0
500.0
500.0
500.0
500.0
500.0
500.0
500.0
500.0
500.0
500.0
500.0
500.0
500.0
500.0
500.0
500.0
500.0
500.0
500.0
500.0
500.0
500.0
500.0
500.0
500.0
500.0
500.0
500.0
500.0
500.0
500.0
500.0
500.0
500.0
500.0
500.0
500.0
500.0
500.0
500.0
500.0
500.0
500.0
500.0
500.0
500.0
500.0
500.0
500.0
500.0
500.0
500.0
500.0
500.0
500.0
500.0
500.0
500.0
500.0
500.0
500.0
500.0
500.0
500.0
500.0
500.0
500.0
500.0
500.0
500.0
500.0
500.0
500.0
500.0
500.0
500.0
500.0
500.0
500.0
500.0
500.0
500.0
500.0
500.0
500.0
500.0
500.0
500.0
500.0
500.0
500.0
500.0
500.0
500.0
500.0
500.0
500.0
500.0
500.0
500.0
500.0
500.0
500.0
500.0
500.0
500.0
500.0
500.0
500.0
500.0
500.0
500.0
500.0
500.0
500.0
500.0
500.0
500.0
500.0
500.0
500.0
500.0
500.0
500.0
500.0
500.0
500.0
500.0
500.0
500.0
500.0
500.0
500.0
500.0
500.0
500.0
500.0
500.0
500.0
500.0
500.0
500.0
500.0
500.0
500.0
500.0
500.0
500.0
500.0
500.0
500.0
500.0
500.0
500.0
500.0
500.0
500.0
500.0
500.0
500.0
500.0
500.0
500.0
500.0
500.0
500.0
500.0
500.0
500.0
500.0
500.0
500.0
500.0
500.0
500.0
500.0
500.0
500.0
500.0
500.0
500.0
500.0
500.0
500.0
500.0
500.0
500.0
500.0
500.0
500.0
500.0
500.0
500.0
500.0
500.0
500.0
500.0
500.0
500.0
500.0
500.0
500.0
500.0
500.0
500.0
500.0
500.0
500.0
500.0
500.0
500.0
500.0
500.0
500.0
500.0
500.0
500.0
500.0
500.0
500.0
500.0
500.0
500.0
500.0
500.0
500.0
500.0
500.0
500.0
500.0
500.0
500.0
500.0
500.0
500.0
500.0
500.0
500.0
500.0
500.0
500.0
500.0
500.0
500.0
500.0
500.0
500.0
500.0
500.0
500.0
500.0
500.0
500.0
500.0
500.0
500.0
500.0
500.0
500.0
500.0
500.0
500.0
500.0
500.0
500.0
500.0
500.0
500.0
500.0
500.0
500.0
500.0
500.0
500.0
500.0
500.0
500.0
500.0
500.0
500.0
500.0
500.0
500.0
500.0
500.0
500.0
500.0
500.0
500.0
500.0
500.0
500.0
bash-3.2$ python alien_invasion.py 
500.0
500.0
500.0
500.0
500.0
500.0
500.0
500.0
500.0
500.0
500.0
500.0
500.0
500.0
500.0
500.0
500.0
500.0
500.0
500.0
500.0
500.0
500.0
500.0
500.0
500.0
500.0
500.0
500.0
500.0
500.0
500.0
502.5
505.0
507.5
510.0
512.5
515.0
517.5
520.0
522.5
525.0
527.5
530.0
532.5
535.0
537.5
540.0
542.5
545.0
547.5
550.0
552.5
552.5
552.5
550.0
547.5
545.0
542.5
540.0
537.5
535.0
532.5
530.0
527.5
525.0
522.5
520.0
517.5
515.0
512.5
510.0
510.0
510.0
510.0
510.0
510.0
510.0
510.0
510.0
510.0
510.0
510.0
510.0
510.0
510.0
510.0
510.0
510.0
510.0
510.0
510.0
510.0
510.0
510.0
510.0
510.0
510.0
510.0
510.0
510.0
510.0
510.0
510.0
510.0
bash-3.2$ python alien_invasion.py 
500.0
500.0
500.0
500.0
500.0
500.0
500.0
500.0
500.0
500.0
500.0
500.0
500.0
500.0
500.0
500.0
500.0
500.0
500.0
500.0
500.0
500.0
500.0
500.0
500.0
500.0
500.0
500.0
500.0
502.5
505.0
507.5
510.0
512.5
515.0
517.5
520.0
522.5
525.0
527.5
530.0
532.5
535.0
537.5
540.0
542.5
545.0
547.5
550.0
552.5
555.0
557.5
560.0
562.5
565.0
567.5
570.0
572.5
575.0
577.5
580.0
582.5
585.0
587.5
590.0
592.5
595.0
597.5
600.0
602.5
605.0
607.5
610.0
612.5
615.0
617.5
620.0
622.5
625.0
627.5
630.0
632.5
635.0
637.5
640.0
642.5
645.0
647.5
650.0
652.5
655.0
657.5
660.0
662.5
665.0
667.5
670.0
672.5
675.0
677.5
680.0
682.5
685.0
687.5
690.0
692.5
695.0
697.5
700.0
702.5
705.0
707.5
710.0
712.5
715.0
717.5
720.0
722.5
725.0
727.5
730.0
732.5
735.0
737.5
740.0
742.5
745.0
747.5
750.0
752.5
755.0
757.5
760.0
762.5
765.0
767.5
770.0
772.5
775.0
777.5
780.0
782.5
785.0
787.5
790.0
792.5
795.0
797.5
800.0
802.5
805.0
807.5
810.0
812.5
815.0
817.5
820.0
822.5
825.0
827.5
830.0
832.5
835.0
837.5
840.0
842.5
845.0
847.5
850.0
852.5
855.0
857.5
860.0
862.5
865.0
867.5
870.0
872.5
875.0
877.5
880.0
882.5
885.0
887.5
890.0
892.5
895.0
897.5
900.0
902.5
905.0
907.5
910.0
912.5
915.0
917.5
920.0
922.5
925.0
927.5
930.0
932.5
935.0
937.5
940.0
942.5
945.0
947.5
950.0
952.5
955.0
957.5
960.0
962.5
965.0
967.5
970.0
970.0
970.0
970.0
970.0
970.0
970.0
970.0
970.0
970.0
970.0
970.0
970.0
970.0
970.0
970.0
970.0
970.0
970.0
970.0
970.0
970.0
970.0
970.0
970.0
970.0
970.0
970.0
970.0
970.0
970.0
970.0
970.0
970.0
970.0
967.5
965.0
962.5
960.0
957.5
955.0
952.5
950.0
947.5
945.0
942.5
940.0
937.5
935.0
932.5
930.0
927.5
925.0
922.5
920.0
917.5
915.0
912.5
910.0
907.5
905.0
902.5
900.0
897.5
895.0
892.5
890.0
887.5
885.0
882.5
880.0
877.5
875.0
872.5
870.0
867.5
865.0
862.5
860.0
857.5
855.0
852.5
850.0
847.5
845.0
842.5
840.0
837.5
835.0
832.5
830.0
827.5
825.0
822.5
820.0
817.5
815.0
812.5
810.0
807.5
805.0
802.5
800.0
797.5
795.0
792.5
790.0
787.5
785.0
782.5
780.0
777.5
775.0
772.5
770.0
767.5
765.0
762.5
760.0
757.5
755.0
752.5
750.0
747.5
745.0
742.5
740.0
737.5
735.0
732.5
730.0
727.5
725.0
722.5
720.0
717.5
715.0
712.5
710.0
707.5
705.0
702.5
700.0
697.5
695.0
692.5
690.0
687.5
685.0
682.5
680.0
677.5
675.0
672.5
670.0
667.5
665.0
662.5
660.0
657.5
655.0
652.5
650.0
647.5
645.0
642.5
640.0
637.5
635.0
632.5
630.0
627.5
625.0
622.5
620.0
617.5
615.0
612.5
610.0
607.5
605.0
602.5
600.0
597.5
595.0
592.5
590.0
587.5
585.0
582.5
580.0
577.5
575.0
572.5
570.0
567.5
565.0
562.5
560.0
557.5
555.0
552.5
550.0
547.5
545.0
542.5
540.0
537.5
535.0
532.5
530.0
527.5
525.0
522.5
520.0
517.5
515.0
512.5
510.0
507.5
505.0
502.5
500.0
497.5
495.0
492.5
490.0
487.5
485.0
482.5
480.0
477.5
475.0
472.5
470.0
467.5
465.0
462.5
460.0
457.5
455.0
452.5
450.0
447.5
445.0
442.5
440.0
437.5
435.0
432.5
430.0
427.5
425.0
422.5
420.0
417.5
415.0
412.5
410.0
407.5
405.0
402.5
400.0
397.5
395.0
392.5
390.0
387.5
385.0
382.5
380.0
377.5
375.0
372.5
370.0
367.5
365.0
362.5
360.0
357.5
355.0
352.5
350.0
347.5
345.0
342.5
340.0
337.5
335.0
332.5
330.0
327.5
325.0
322.5
320.0
317.5
315.0
312.5
310.0
307.5
305.0
302.5
300.0
297.5
295.0
292.5
290.0
287.5
285.0
282.5
280.0
277.5
275.0
272.5
270.0
267.5
265.0
262.5
260.0
257.5
255.0
252.5
250.0
247.5
245.0
242.5
240.0
237.5
235.0
232.5
230.0
227.5
225.0
222.5
220.0
217.5
215.0
212.5
210.0
207.5
205.0
202.5
200.0
197.5
195.0
192.5
190.0
187.5
185.0
182.5
180.0
177.5
175.0
172.5
170.0
167.5
165.0
162.5
160.0
157.5
155.0
152.5
150.0
147.5
145.0
142.5
140.0
137.5
135.0
132.5
130.0
127.5
125.0
122.5
120.0
117.5
115.0
112.5
110.0
107.5
105.0
102.5
100.0
97.5
95.0
92.5
90.0
87.5
85.0
82.5
80.0
77.5
75.0
72.5
70.0
67.5
65.0
62.5
60.0
57.5
55.0
52.5
50.0
47.5
45.0
42.5
40.0
37.5
35.0
32.5
30.0
30.0
30.0
30.0
30.0
30.0
30.0
30.0
30.0
30.0
30.0
30.0
30.0
30.0
30.0
30.0
30.0
30.0
30.0
30.0
30.0
30.0
30.0
30.0
30.0
30.0
30.0
30.0
30.0
30.0
30.0
30.0
30.0
30.0
30.0
30.0
30.0
30.0
30.0
30.0
30.0
30.0
30.0
30.0
30.0
30.0
30.0
30.0
30.0
bash-3.2$ python alien_invasion.py 
  File "alien_invasion.py", line 19
    """
    ^
IndentationError: expected an indented block
bash-3.2$ python alien_invasion.py 
Traceback (most recent call last):
  File "alien_invasion.py", line 48, in <module>
    run_game()
  File "alien_invasion.py", line 39, in run_game
    check_events(ship)
NameError: global name 'check_events' is not defined
bash-3.2$ python alien_invasion.py 
500.0
500.0
500.0
500.0
500.0
500.0
500.0
500.0
500.0
500.0
500.0
500.0
500.0
500.0
500.0
500.0
500.0
500.0
500.0
500.0
500.0
500.0
500.0
500.0
500.0
500.0
500.0
500.0
500.0
502.5
505.0
507.5
510.0
512.5
515.0
517.5
520.0
522.5
525.0
527.5
530.0
532.5
535.0
537.5
540.0
542.5
545.0
547.5
550.0
552.5
555.0
557.5
560.0
562.5
565.0
567.5
567.5
567.5
567.5
565.0
562.5
560.0
557.5
555.0
552.5
550.0
547.5
545.0
542.5
540.0
537.5
535.0
532.5
530.0
527.5
525.0
522.5
520.0
517.5
515.0
512.5
510.0
507.5
505.0
502.5
502.5
502.5
502.5
502.5
502.5
502.5
502.5
502.5
502.5
502.5
502.5
502.5
502.5
502.5
502.5
502.5
502.5
502.5
502.5
502.5
502.5
502.5
502.5
502.5
502.5
502.5
502.5
502.5
502.5
502.5
502.5
502.5
Traceback (most recent call last):
  File "alien_invasion.py", line 48, in <module>
    run_game()
  File "alien_invasion.py", line 39, in run_game
    check_events(ship)
  File "/Users/rubingguo/Google Drive/Python/pcc/alien_invasion/game_functions.py", line 20, in check_events
    sys.exit()
NameError: global name 'sys' is not defined
bash-3.2$                                                                                
*** FINAL System shutdown message from rubingguo@Rubings-MacBook.local ***   
System going down IMMEDIATELY                                                  
                                                                               
                                                                               
                                                                               
*** FINAL System shutdown message from rubingguo@Rubings-MacBook.local ***   
System going down IMMEDIATELY                                                  
                                                                               
                                                                               
